source,target,length
2321,3006,2.593709
3006,4864,2.555880
4864,2321,0.169073
2321,4864,0.169073
2029,4111,3.236075
2235,4111,3.323098
4111,2874,3.462270
2874,2235,2.621807
2235,2321,3.773004
4111,2235,3.323098
2235,2874,2.621807
2874,592,1.220702
592,2235,3.038174
2445,2321,3.145146
2321,2235,3.773004
2235,2445,1.543543
2445,3006,3.351334
3006,2321,2.593709
2321,2445,3.145146
925,2445,1.932177
2445,2235,1.543543
2235,925,3.012130
925,3006,3.917712
3006,2445,3.351334
2445,925,1.932177
3921,3006,4.423340
3006,925,3.917712
925,3921,0.940249
2236,3006,4.665001
3006,3921,4.423340
4535,925,2.019278
925,2235,3.012130
2235,4535,3.993441
4535,2235,3.993441
2235,592,3.038174
592,4535,3.111583
4535,3921,1.662103
3921,925,0.940249
925,4535,2.019278
4344,4535,1.443698
4535,592,3.111583
592,4344,2.566118
1778,592,2.915374
592,2874,1.220702
2874,1778,3.825960
1778,4344,2.844008
4344,592,2.566118
592,1778,2.915374
699,4344,2.692840
4344,1778,2.844008
1778,699,3.210590
2934,4344,3.075181
4344,699,2.692840
699,2934,0.491688
2934,4535,4.000729
4535,4344,1.443698
4344,2934,3.075181
2829,2934,2.319939
2934,699,0.491688
699,2829,2.664498
2829,699,2.664498
699,1778,3.210590
1778,2829,5.187616
159,4535,6.784647
4535,2934,4.000729
2934,159,4.468463
3921,4535,1.662103
4535,159,6.784647
2829,2229,2.171983
159,2934,4.468463
2934,2829,2.319939
159,3837,3.485783
3837,2236,6.204184
2911,3837,2.362087
3837,159,3.485783
2236,3837,6.204184
3837,2911,2.362087
1985,1369,1.862364
1369,2911,4.620112
2911,1985,3.299726
1985,2911,3.299726
159,1985,4.344312
1369,1985,1.862364
1985,159,4.344312
2229,4366,5.592389
2229,2829,2.171983
2829,1778,5.187616
1778,1324,2.849523
4332,1324,3.963710
1324,1778,2.849523
1778,4332,4.590154
4332,1778,4.590154
1778,2874,3.825960
2874,4111,3.462270
4111,2029,3.236075
4720,335,1.429498
335,4332,3.072169
4332,4720,4.145217
4720,4332,4.145217
1260,335,4.245246
335,4720,1.429498
1324,4332,3.963710
335,1260,4.245246
1260,3020,1.292938
4332,335,3.072169
3020,2102,2.630298
4399,3559,1.848873
3559,3555,3.502575
3555,4399,3.438943
4399,3555,3.438943
3707,4204,1.792719
3559,4399,1.848873
1747,4730,5.301783
401,2575,3.740750
4023,3217,4.635823
3599,4990,3.076075
3217,4023,4.635823
4023,4934,3.866310
3603,3599,4.096981
4934,3603,2.515528
3100,3603,3.804184
3603,4934,2.515528
4934,3100,4.414274
3100,4934,4.414274
4934,601,3.740082
601,4934,3.740082
4934,4023,3.866310
4023,601,5.153126
601,286,1.138595
129,4023,5.477903
129,1093,0.597588
1093,286,3.201572
286,129,3.313368
129,286,3.313368
286,601,1.138595
601,129,3.237313
129,601,3.237313
601,4023,5.153126
4023,129,5.477903
2575,2864,1.749729
2864,2575,1.749729
2575,4730,3.518980
4730,2864,3.498576
2864,4730,3.498576
4730,1747,5.301783
1747,2864,3.769809
1702,129,1.088616
1702,1093,0.790871
1093,129,0.597588
129,1702,1.088616
898,1093,1.287968
1093,1702,0.790871
1702,898,0.783090
657,898,0.229432
898,1702,0.783090
1702,657,0.626577
3105,657,1.186523
657,1702,0.626577
1702,3105,1.754974
3105,1702,1.754974
2864,3105,5.369385
3105,2864,5.369385
2864,1747,3.769809
3105,898,1.188199
898,657,0.229432
657,3105,1.186523
1628,3105,1.845400
1747,1628,3.949788
342,3105,2.754412
3105,1628,1.845400
1628,342,1.704317
342,898,3.591843
898,3105,1.188199
3105,342,2.754412
4325,1093,3.137692
1093,898,1.287968
898,4325,3.410227
4325,286,1.974827
286,1093,3.201572
1093,4325,3.137692
2804,286,2.194000
286,4325,1.974827
4325,2804,1.026595
4625,2804,1.734542
2804,4325,1.026595
4325,4625,2.025356
1713,4625,1.569735
4625,4325,2.025356
4325,1713,3.010762
1713,4325,3.010762
4325,898,3.410227
898,1713,4.494264
1713,898,4.494264
898,342,3.591843
342,1713,3.710588
1845,4625,0.826215
4625,1713,1.569735
1713,1845,1.408867
3277,1845,3.448716
1845,1713,1.408867
1713,3277,2.987441
20,3277,3.216855
3277,1713,2.987441
1713,342,3.710588
342,20,3.049264
20,342,3.049264
342,1628,1.704317
1628,20,4.607156
20,1628,4.607156
1628,1747,3.949788
2546,3277,5.334277
3277,20,3.216855
3277,2546,5.334277
2546,2938,3.476813
2938,1101,2.699571
1845,3277,3.448716
3581,4625,3.090260
4625,1845,0.826215
1845,3581,3.148458
3581,2804,2.881264
2804,4625,1.734542
4625,3581,3.090260
3581,1845,3.148458
3581,286,4.521133
286,2804,2.194000
2804,3581,2.881264
286,3581,4.521133
3240,4320,3.893527
3240,3149,3.238163
3149,4320,2.132216
4320,3240,3.893527
1843,3240,4.382081
2486,1843,1.782432
2486,2394,3.607729
2394,4953,2.822150
1843,2486,1.782432
3149,4260,5.358499
4260,3149,5.358499
3149,3240,3.238163
4953,4260,1.540776
3240,1843,4.382081
509,780,4.787778
780,114,2.164598
114,509,4.114295
780,509,4.787778
4260,4953,1.540776
4512,2742,3.737488
192,4512,2.536157
509,192,4.086139
2742,4512,3.737488
192,4892,6.554937
4892,3728,0.925398
4512,192,2.536157
4692,3728,2.012118
3728,4892,0.925398
4892,4692,2.512389
3729,3728,2.929781
3728,4692,2.012118
4692,3729,1.330181
3728,3729,2.929781
3962,3149,5.714036
3962,4320,4.128205
4320,3149,2.132216
3149,3962,5.714036
579,4320,4.844376
4320,3962,4.128205
3962,579,1.774734
579,3100,4.289212
4320,579,4.844376
579,3603,2.550452
3603,3100,3.804184
3100,579,4.289212
579,3599,5.061800
3599,3603,4.096981
3603,579,2.550452
510,3962,1.276981
510,579,1.649625
579,3962,1.774734
3962,510,1.276981
3599,579,5.061800
579,510,1.649625
2471,3729,5.034624
3729,4692,1.330181
4692,2471,5.157554
3729,2471,5.034624
2471,4692,5.157554
4692,4892,2.512389
4892,871,5.254901
3994,2471,1.879153
871,3994,4.049093
3994,219,1.365573
219,2471,1.759629
2471,3994,1.879153
4043,219,1.948172
219,3994,1.365573
3994,4043,0.945660
4043,3994,0.945660
3994,871,4.049093
871,4043,3.906548
203,871,2.955072
871,4892,5.254901
871,203,2.955072
4892,192,6.554937
3201,4059,4.677945
4059,1753,2.760205
1753,3201,2.694950
4059,3201,4.677945
3201,4752,5.290890
4504,3201,3.000114
3201,1753,2.694950
1753,4504,3.972231
4504,4752,5.204451
4752,3201,5.290890
3201,4504,3.000114
4986,793,1.165921
793,4504,2.647253
4504,4986,3.343295
4986,4504,3.343295
4504,1753,3.972231
1753,4986,3.078744
2062,793,3.611764
793,4986,1.165921
793,2062,3.611764
2062,4912,2.267579
4504,793,2.647253
3595,2288,3.998763
2288,786,4.390653
786,3595,0.832201
624,107,4.348244
107,64,2.189166
64,624,4.703671
624,64,4.703671
64,786,3.468723
786,624,4.048183
624,786,4.048183
786,2288,4.390653
4107,519,5.210965
2288,4669,3.979310
4669,2288,3.979310
696,4669,3.603422
4912,2062,2.267579
3910,696,1.888161
3954,4669,5.230581
4669,696,3.603422
1475,3954,4.637417
696,3910,1.888161
4669,2386,5.099126
2386,4669,5.099126
4669,3954,5.230581
3954,2386,0.949959
2386,84,3.526722
84,2386,3.526722
2386,3954,0.949959
3954,1475,4.637417
2948,4107,3.713098
84,2948,1.801691
2630,2948,2.501348
2948,84,1.801691
84,2630,3.872572
4718,753,1.091218
753,2535,1.723689
2535,4718,2.229722
2535,4524,1.671461
4524,2630,3.776551
2630,84,3.872572
1475,851,2.462377
851,4794,2.538122
4794,1470,3.439809
1736,4794,3.245059
4794,851,2.538122
851,1736,3.999696
1736,851,3.999696
851,1475,2.462377
4461,1334,2.973725
1334,2994,3.741501
2994,4461,3.072123
1334,4461,2.973725
2785,239,1.239081
239,1334,3.366763
1334,2785,2.909776
2785,1334,2.909776
2785,4986,6.776310
4986,239,6.776295
239,2785,1.239081
4986,2785,6.776310
4649,239,3.571096
239,4986,6.776295
4986,1753,3.078744
1753,4649,5.607914
4649,1753,5.607914
1753,4059,2.760205
4059,4649,3.958397
4295,4649,0.801084
4649,4059,3.958397
4059,4295,3.433712
3405,4649,1.876496
4649,4295,0.801084
4295,3405,1.471947
3405,2879,1.757973
2879,4649,2.463027
4649,3405,1.876496
3405,4295,1.471947
4295,4059,3.433712
4059,3405,4.466604
3405,4059,4.466604
2133,3405,1.831990
192,509,4.086139
309,3405,1.165257
3405,2133,1.831990
2133,309,1.002822
309,2879,1.243743
2879,3405,1.757973
3405,309,1.165257
1490,2133,2.439477
509,1490,3.681637
1490,309,3.026025
309,2133,1.002822
2133,1490,2.439477
1490,2879,3.559277
2879,309,1.243743
309,1490,3.026025
3390,1490,0.525733
1490,509,3.681637
509,3390,3.821858
3390,509,3.821858
509,114,4.114295
114,3390,3.413218
2994,1334,3.741501
726,2879,2.328926
2879,1490,3.559277
726,4649,4.092486
4649,2879,2.463027
2879,726,2.328926
726,239,3.955049
239,4649,3.571096
4649,726,4.092486
1334,239,3.366763
239,726,3.955049
726,3203,4.741948
4127,3203,3.261801
3203,726,4.741948
726,4127,4.396317
4127,3390,2.517621
3390,114,3.413218
4127,726,4.396317
1490,4127,2.949056
4127,1490,2.949056
1490,3390,0.525733
3390,4127,2.517621
3140,2994,3.370401
3203,3140,1.740077
1023,3203,3.063456
3203,4127,3.261801
4127,1023,4.549112
1023,3140,3.619266
3140,3203,1.740077
3203,1023,3.063456
4754,3140,3.577295
3140,1023,3.619266
1023,4754,2.766176
1023,4127,4.549112
114,138,6.330334
138,114,6.330334
114,780,2.164598
2226,1023,5.273327
138,2226,2.924875
4450,2226,4.578016
2226,1722,4.637801
1722,4450,2.591434
4839,4450,2.973922
4450,2398,1.795410
2398,4839,3.658985
4839,1023,5.723735
1023,2226,5.273327
4839,4754,4.115576
4754,1023,2.766176
1023,4839,5.723735
2226,4450,4.578016
4450,4839,2.973922
463,2398,3.754650
2398,1854,4.108268
1854,463,1.014227
463,4839,2.714957
4839,2398,3.658985
2398,463,3.754650
463,4754,4.812262
4754,4839,4.115576
4839,463,2.714957
3899,4025,3.393735
4025,1543,1.569600
1543,3899,3.937672
3899,463,3.532509
463,1854,1.014227
1854,3899,3.169697
4754,463,4.812262
463,3899,3.532509
3899,1854,3.169697
1854,4025,2.247007
4025,3899,3.393735
907,4754,2.942815
3899,907,4.495295
907,3140,2.295348
3140,4754,3.577295
4754,907,2.942815
907,2994,3.864173
2994,3140,3.370401
3140,907,2.295348
907,3899,4.495295
2994,907,3.864173
2859,4461,5.129188
4461,2994,3.072123
4461,2859,5.129188
2859,2549,1.694880
2549,1736,2.216273
1910,2859,3.220881
1910,2549,3.581060
2549,2859,1.694880
2859,1910,3.220881
1088,1910,0.995757
3899,1543,3.937672
4121,1910,2.149840
1910,1088,0.995757
1088,4121,1.733854
4121,2549,4.979490
2549,1910,3.581060
1910,4121,2.149840
4154,4121,2.434910
4121,2784,2.685220
2784,4154,0.740725
4154,4794,6.865551
4794,1736,3.245059
2549,4121,4.979490
4121,4154,2.434910
1736,2549,2.216273
533,4154,3.590385
4154,2784,0.740725
2784,533,3.972007
533,4794,4.826089
4794,4154,6.865551
4154,533,3.590385
533,1470,4.397479
1470,4794,3.439809
4794,533,4.826089
1868,1470,3.067648
1470,533,4.397479
533,1868,2.267765
1470,1868,3.067648
152,2535,4.059689
1868,152,2.396027
152,4718,4.002503
4718,2535,2.229722
2535,152,4.059689
4718,152,4.002503
152,3173,1.079763
3173,152,1.079763
152,1868,2.396027
1868,3173,3.139855
3173,1868,3.139855
1868,533,2.267765
3470,3173,4.321016
533,2784,3.972007
3260,3470,4.488805
2784,4121,2.685220
4121,275,4.415587
275,4491,0.525265
275,4121,4.415587
4121,1088,1.733854
1088,275,4.238532
275,1543,3.577511
1543,4491,3.432177
4491,275,0.525265
275,1088,4.238532
1543,275,3.577511
912,4491,3.377791
4491,1543,3.432177
1543,912,4.376943
912,1543,4.376943
1543,4025,1.569600
4491,912,3.377791
912,343,4.321722
343,4640,2.971590
2745,4548,3.336628
4548,2745,3.336628
213,3260,0.322509
4640,343,2.971590
343,4950,5.730727
4025,1854,2.247007
1854,2922,4.844884
2922,1854,4.844884
1854,2398,4.108268
2398,2922,2.869794
1396,1784,5.835150
4950,343,5.730727
343,912,4.321722
1396,4025,6.670481
2922,1396,3.545507
4025,1396,6.670481
1834,1784,3.211036
1784,1396,5.835150
1331,1834,3.316021
1834,2205,2.413848
2205,1331,1.057159
2666,2922,3.269058
2922,2398,2.869794
2398,2666,4.927229
2666,2205,1.889853
2205,1834,2.413848
1834,2666,2.432102
2666,1834,2.432102
1396,2922,3.545507
2922,2666,3.269058
1669,4450,4.883919
4450,1722,2.591434
1722,1669,3.936220
1669,1331,1.571080
1331,2205,1.057159
2205,1669,2.333216
1669,2666,3.588354
2666,2398,4.927229
2398,1669,4.838086
1669,2205,2.333216
2205,2666,1.889853
2666,1669,3.588354
1669,1722,3.936220
1722,848,1.899039
848,1669,4.669332
1669,2398,4.838086
2398,4450,1.795410
4450,1669,4.883919
4831,1669,2.954512
1669,848,4.669332
848,4831,6.253369
4831,1331,2.423852
1331,1669,1.571080
1669,4831,2.954512
1834,1331,3.316021
1331,4831,2.423852
3701,3579,2.711545
4619,3701,2.129011
4831,848,6.253369
1434,3579,2.157048
3579,3701,2.711545
3701,1434,1.749118
1434,1695,2.537683
1695,3579,0.781686
3579,1434,2.157048
1434,3701,1.749118
3701,4619,2.129011
4619,1434,3.193718
1434,4619,3.193718
4065,1434,5.718133
4065,1695,3.903908
1695,1434,2.537683
1434,4065,5.718133
848,448,3.637804
448,138,4.350570
448,2226,3.114981
2226,138,2.924875
138,448,4.350570
1207,4065,1.720216
448,1722,4.463953
1722,2226,4.637801
2226,448,3.114981
448,848,3.637804
848,1722,1.899039
1722,448,4.463953
1196,1891,4.181876
1891,4094,1.909313
4094,1196,5.318094
1196,4094,5.318094
4953,1196,4.769878
1196,4953,4.769878
4953,2394,2.822150
2394,1196,2.764384
1196,2394,2.764384
2394,2841,3.257737
2841,1891,3.814292
1891,1196,4.181876
2841,2394,3.257737
2394,2486,3.607729
2486,2841,4.245165
4748,1891,3.081993
1891,2841,3.814292
4748,4094,2.365403
4094,1891,1.909313
1891,4748,3.081993
3579,1695,0.781686
4065,1207,1.720216
1695,4065,3.903908
3019,4748,2.884976
4081,242,2.487759
3019,4094,4.367326
4094,4748,2.365403
4748,3019,2.884976
4094,3019,4.367326
2841,4944,2.916893
4944,2841,2.916893
2841,2486,4.245165
2486,4944,4.354453
1974,4944,1.810797
4944,2486,4.354453
2486,1974,4.039615
1974,2486,4.039615
1101,1974,3.464969
1974,1101,3.464969
1101,2938,2.699571
3674,4081,0.900912
3674,242,3.003520
242,4081,2.487759
4081,3674,0.900912
2938,2546,3.476813
4944,1974,1.810797
547,4096,2.419494
4743,547,4.660844
4980,547,1.090654
547,4743,4.660844
4743,4980,5.125018
3002,547,1.078808
547,4980,1.090654
4980,3002,0.941138
878,547,2.051104
547,3002,1.078808
3002,878,1.562415
878,4096,2.559930
4096,547,2.419494
547,878,2.051104
4093,878,3.060074
878,2403,2.198632
2403,4093,1.534750
4093,4096,3.392547
4096,878,2.559930
878,4093,3.060074
2403,878,2.198632
878,797,4.041818
797,878,4.041818
878,3002,1.562415
3002,797,3.422253
2487,1391,2.602680
1391,4157,4.069157
4157,2487,5.747772
1184,1391,2.469421
1391,2487,2.602680
2487,1184,0.516125
1391,1184,2.469421
2352,1184,2.655416
1184,2487,0.516125
2487,2352,2.673985
1184,2352,2.655416
4096,4093,3.392547
4093,4962,2.721081
2352,4962,3.442253
4962,4093,2.721081
4093,2403,1.534750
2352,2487,2.673985
2487,4157,5.747772
4157,2827,3.209293
4247,2914,3.063780
2914,2988,1.999458
2988,4247,1.412467
706,4247,2.883106
4247,2988,1.412467
2988,706,2.377010
4895,706,1.220924
706,2988,2.377010
2988,4895,2.455246
1657,4247,3.210756
4247,706,2.883106
706,1657,4.284662
1657,2827,4.040101
2827,4247,4.963226
4247,1657,3.210756
2827,1657,4.040101
1657,2129,0.958939
2129,1657,0.958939
1657,706,4.284662
706,2129,4.565785
4962,2352,3.442253
242,3674,3.003520
3103,706,3.071974
706,4895,1.220924
4895,3103,3.754323
3103,86,3.405954
2129,3103,4.870567
3103,2129,4.870567
2129,706,4.565785
706,3103,3.071974
86,2616,5.941551
1784,1834,3.211036
522,2616,1.653876
2616,86,5.941551
86,522,4.471377
522,86,4.471377
86,3103,3.405954
3103,522,3.542291
2616,522,1.653876
4866,1784,6.494899
522,3103,3.542291
3103,4866,5.363558
4866,3103,5.363558
3103,4895,3.754323
4895,4866,3.862589
4866,4895,3.862589
4895,1011,3.616454
1011,4895,3.616454
4895,2988,2.455246
2988,1011,3.300490
1011,2988,3.300490
2988,2914,1.999458
2914,1011,1.918965
1784,4866,6.494899
790,4950,2.167080
1011,790,4.865505
4950,1842,3.171406
1842,790,2.536924
790,1011,4.865505
1011,1842,4.798307
1842,4950,3.171406
4950,790,2.167080
790,1842,2.536924
1842,3722,2.963347
2087,1268,4.130044
4452,3121,5.673407
3722,4452,3.687222
2440,1011,2.300978
1011,2914,1.918965
2914,2440,2.068454
4452,3722,3.687222
3722,2440,3.875708
2440,3722,3.875708
3722,1842,2.963347
1842,2440,5.224952
2440,1842,5.224952
1842,1011,4.798307
1011,2440,2.300978
2440,946,4.527071
946,2914,3.623374
2914,4247,3.063780
4247,946,2.941644
946,2440,4.527071
2440,2914,2.068454
2914,946,3.623374
946,4247,2.941644
4247,2827,4.963226
2827,946,4.108082
946,2827,4.108082
2827,4157,3.209293
4157,946,3.783500
861,4157,3.559332
4157,1391,4.069157
1391,861,4.571326
946,4157,3.783500
4157,861,3.559332
861,4452,6.634619
861,1391,4.571326
3084,3872,2.933546
4452,861,6.634619
3872,4517,5.001233
3121,4452,5.673407
4517,3872,5.001233
1214,4517,2.373166
4517,1214,2.373166
1214,2087,4.484696
2087,4517,5.541423
4517,2087,5.541423
2087,1214,4.484696
1214,2900,2.759728
3890,2003,3.356472
2003,2900,3.054676
2900,3890,2.048258
3872,3084,2.933546
3890,2900,2.048258
2900,1214,2.759728
1214,3890,4.488830
3890,1214,4.488830
4749,1031,2.967058
3243,382,2.922912
382,769,3.119354
769,3243,3.913133
3243,311,3.362918
311,382,1.904082
382,3243,2.922912
1504,2770,2.526631
3243,769,3.913133
769,1504,3.564113
689,2770,2.190916
2770,1504,2.526631
1504,689,0.504697
2480,2770,5.709161
2770,689,2.190916
689,2480,5.124303
523,2475,2.287724
2480,689,5.124303
1504,769,3.564113
769,523,4.894493
689,1504,0.504697
523,769,4.894493
3825,382,5.637244
382,311,1.904082
769,382,3.119354
382,3825,5.637244
608,3825,5.437368
1031,4749,2.967058
4989,3825,5.604637
3825,608,5.437368
608,4989,2.047283
4989,523,4.575581
3825,4989,5.604637
232,4989,3.032391
4989,608,2.047283
608,232,2.225795
232,608,2.225795
2844,4989,4.641043
4989,232,3.032391
1694,4989,1.637238
4989,2844,4.641043
2844,1694,4.198527
1694,523,4.016777
523,4989,4.575581
4989,1694,1.637238
1694,2475,2.662247
2475,523,2.287724
523,1694,4.016777
1861,2480,5.000130
2475,1861,4.371710
2292,2480,3.903797
2480,1861,5.000130
1861,2292,3.636459
1694,2844,4.198527
3652,1861,2.361633
1861,2475,4.371710
2475,3652,5.321309
3652,2475,5.321309
2475,1694,2.662247
1861,3652,2.361633
2292,1861,3.636459
2953,1362,4.571256
1926,1362,3.504997
1362,2953,4.571256
2953,1926,2.524627
2003,3890,3.356472
3890,923,5.388598
923,3890,5.388598
737,923,4.120163
2834,1926,3.382745
1926,2953,2.524627
2834,923,4.513085
923,737,4.120163
737,2834,0.614833
923,2834,4.513085
4313,2834,3.758634
2834,737,0.614833
737,4313,3.986097
4313,737,3.986097
797,4313,2.841270
4539,2834,4.486285
2834,4313,3.758634
4313,4539,1.541388
1362,1926,3.504997
1926,508,2.425144
508,1926,2.425144
1926,2834,3.382745
2834,508,3.568741
508,4998,0.284558
4998,508,0.284558
508,2834,3.568741
2834,4998,3.742979
4998,2834,3.742979
2834,4539,4.486285
4539,4998,3.468829
4187,4980,2.170195
4980,4743,5.125018
4743,4187,6.477590
4187,4539,3.427231
4539,4313,1.541388
4313,4187,3.502361
4187,4313,3.502361
4313,797,2.841270
797,4187,2.598440
4187,797,2.598440
797,3002,3.422253
3002,4187,2.736593
4187,3002,2.736593
3002,4980,0.941138
4980,4187,2.170195
4998,785,5.832147
785,4998,5.832147
4998,4539,3.468829
4539,4187,3.427231
2817,3204,2.015298
2231,3204,4.364232
3204,2817,2.015298
2817,2231,5.668896
2231,2817,5.668896
1375,4865,2.299479
4865,2231,2.343664
2231,1375,4.011771
1146,4865,4.006964
4865,1375,2.299479
1375,1146,3.420797
4366,2229,5.592389
1502,707,1.111808
3257,1502,0.919657
1375,2231,4.011771
4184,1502,2.154653
1502,3257,0.919657
3257,4184,1.980407
4184,3257,1.980407
4184,707,2.905717
707,1502,1.111808
1502,4184,2.154653
707,4184,2.905717
4187,4743,6.477590
1897,1146,2.100324
1146,1375,3.420797
1375,1897,4.663017
3812,1897,1.947851
1897,1375,4.663017
2692,4865,5.291540
4865,1146,4.006964
1146,2692,1.930539
2692,1897,2.850237
1897,3812,1.947851
3812,2692,3.668635
2692,1146,1.930539
1146,1897,2.100324
1897,2692,2.850237
1245,2692,2.602713
2692,3812,3.668635
3812,1245,3.361521
4368,72,2.238168
1245,3758,0.880195
3758,1245,0.880195
1245,3812,3.361521
3812,3758,3.155280
3758,3812,3.155280
3154,72,4.691269
72,4368,2.238168
4368,3154,2.896703
2102,3154,4.021601
3154,4368,2.896703
4713,3154,3.148195
3154,2102,4.021601
2102,4713,3.874492
4713,2102,3.874492
2102,3020,2.630298
3020,4713,4.029540
4713,3020,4.029540
3020,1260,1.292938
1260,4713,3.529137
3224,3154,3.643832
3154,4713,3.148195
4713,3224,0.816725
3224,4713,0.816725
4713,1260,3.529137
1260,3224,3.913337
3224,1260,3.913337
3506,3224,4.601198
3154,3224,3.643832
3224,3506,4.601198
3506,1927,0.924146
1927,72,3.484950
72,3154,4.691269
3827,72,3.031836
72,1927,3.484950
1927,3827,2.839503
3827,1927,2.839503
1927,4975,4.595907
1255,4975,1.646524
4975,1927,4.595907
1927,3506,0.924146
2397,1255,3.754030
3940,4975,1.419750
4975,1255,1.646524
1255,3940,0.493286
4470,4860,0.995945
4860,4975,2.867056
4975,4470,3.241183
4470,4975,3.241183
4975,3940,1.419750
3940,4470,3.688336
2231,4865,2.343664
3204,2231,4.364232
4949,4975,3.590784
4975,4860,2.867056
4860,4949,2.951980
4949,3827,4.263775
4975,4949,3.590784
264,4949,1.848670
4949,3086,4.878863
3086,264,4.998351
264,3827,3.097229
3827,4949,4.263775
4949,264,1.848670
72,3620,5.284586
3620,264,2.766835
264,3086,4.998351
3086,3620,5.241384
3620,3827,4.092801
3827,264,3.097229
264,3620,2.766835
3620,72,5.284586
72,3827,3.031836
3827,3620,4.092801
3620,846,0.545941
2692,1245,2.602713
846,3620,0.545941
3620,3086,5.241384
3086,846,5.103194
846,3086,5.103194
4865,2692,5.291540
3086,204,4.648030
705,2484,1.925931
2484,204,0.590326
204,705,2.215725
705,204,2.215725
204,3086,4.648030
3086,705,3.606965
3583,2484,2.632240
2484,705,1.925931
705,3583,1.351047
4445,705,3.008105
705,3086,3.606965
3086,4949,4.878863
4949,4445,5.038093
4445,4949,5.038093
4949,4860,2.951980
4860,4445,4.688379
4445,3583,2.382570
3583,705,1.351047
705,4445,3.008105
743,1131,4.164126
743,204,2.865606
204,2484,0.590326
2484,743,2.394913
204,743,2.865606
743,2484,2.394913
2484,3583,2.632240
3583,743,3.221780
3583,4445,2.382570
743,3583,3.221780
4590,1131,5.103742
1131,743,4.164126
2939,4021,3.121343
1119,3005,1.210891
3005,1042,0.925932
1042,1119,0.675836
1119,1042,0.675836
1042,4021,4.577369
4021,1119,4.200043
376,1119,2.550979
1119,4021,4.200043
4021,376,2.305054
3663,2939,4.517544
3663,4021,1.755420
4021,2939,3.121343
2939,3663,4.517544
3663,376,0.626974
376,4021,2.305054
4021,3663,1.755420
1273,4590,6.130721
4445,1273,3.507815
1273,4445,3.507815
4445,4860,4.688379
4860,1273,3.129697
1273,4860,3.129697
4860,4470,0.995945
4470,1273,2.658178
4590,1273,6.130721
376,3663,0.626974
4686,1273,1.908793
1273,4470,2.658178
4470,4686,1.728568
4686,3940,4.853554
3005,4686,3.751897
4686,4470,1.728568
4470,3940,3.688336
3940,4686,4.853554
4686,3005,3.751897
3005,1119,1.210891
1273,4686,1.908793
1119,376,2.550979
2915,3005,6.025566
4266,1255,4.288386
1255,2397,3.754030
2397,4266,1.057576
3940,4266,4.651441
4266,3940,4.651441
3940,1255,0.493286
1255,4266,4.288386
3124,4266,0.699762
4266,2397,1.057576
2397,3124,1.311778
3089,4266,3.074780
4266,3124,0.699762
3124,3089,2.521053
3089,2915,4.630503
4266,3089,3.074780
4155,3124,2.449365
3124,2397,1.311778
2397,4155,3.484328
4155,2397,3.484328
4155,3089,1.510743
3089,3124,2.521053
3124,4155,2.449365
4155,2029,4.898636
2029,3089,4.966065
3089,4155,1.510743
2029,4155,4.898636
4864,3006,2.555880
249,4665,1.679881
4665,2915,3.727823
2915,249,4.542272
249,2915,4.542272
2915,3089,4.630503
3089,249,3.302549
249,3089,3.302549
3089,2029,4.966065
4665,249,1.679881
4021,1042,4.577369
4249,4665,6.038409
3005,2915,6.025566
1042,3005,0.925932
2915,4665,3.727823
4665,4249,6.038409
3006,2236,4.665001
1186,927,2.254205
927,2793,4.334540
2793,1186,3.485090
1186,3126,3.038528
927,1186,2.254205
3126,1186,3.038528
1186,2793,3.485090
2793,2847,3.263184
2862,2793,5.602026
2793,927,4.334540
927,2862,2.878020
4486,2862,0.955494
2862,927,2.878020
927,4486,3.382449
3050,2862,2.089743
2862,4486,0.955494
4486,3050,1.604179
2862,3050,2.089743
2343,2847,3.018907
2847,2793,3.263184
2793,2343,3.187944
4772,2862,6.551110
4941,4772,2.622597
4772,2343,0.301909
2343,2793,3.187944
2793,4772,3.330642
4772,2793,3.330642
2793,2862,5.602026
2862,4772,6.551110
2036,4772,1.569075
4772,4941,2.622597
4941,2036,2.591848
2036,2343,1.558259
2343,4772,0.301909
4772,2036,1.569075
2847,301,1.559984
301,2343,2.698934
2343,2036,1.558259
2036,301,2.434707
301,2847,1.559984
2847,2343,3.018907
2343,301,2.698934
301,2036,2.434707
2036,4941,2.591848
4941,3463,2.900279
3463,3989,3.284041
3989,445,4.368970
2939,759,5.001605
1131,4590,5.103742
759,2939,5.001605
3001,759,1.937538
445,3989,4.368970
3989,3001,2.572398
2649,759,4.629417
759,3001,1.937538
3001,2649,4.637759
2903,759,5.326329
759,2649,4.629417
2649,2903,1.435395
759,2903,5.326329
2903,1566,0.872455
1566,2314,0.669502
2314,2903,0.259649
2903,2649,1.435395
2649,1566,0.984775
1566,2903,0.872455
809,2903,3.575650
2903,2314,0.259649
2314,809,3.447495
2903,809,3.575650
3857,2480,3.207885
2480,2292,3.903797
2292,3857,2.291130
3857,809,3.891544
809,1051,1.628010
1051,3857,3.696280
3857,2292,2.291130
809,3857,3.891544
2208,1051,1.064589
1051,809,1.628010
809,2208,1.292834
2208,809,1.292834
809,2314,3.447495
2314,2208,3.318958
2208,2314,3.318958
2314,1566,0.669502
1566,2208,3.333157
1535,2208,3.539570
2208,1566,3.333157
1566,1535,2.839801
1535,1566,2.839801
1566,2649,0.984775
2649,1535,3.074996
3645,1535,0.764064
1535,2649,3.074996
2649,3645,3.244160
2214,3989,4.570170
3989,3463,3.284041
3463,2214,4.491439
2649,3001,4.637759
3001,4080,4.806205
4080,3645,3.759666
3645,2649,3.244160
4080,3989,4.435278
3989,2214,4.570170
2214,4080,0.335180
4080,3001,4.806205
3001,3989,2.572398
3989,4080,4.435278
4229,3463,4.301344
3463,4941,2.900279
4229,2214,1.815880
2214,3463,4.491439
3463,4229,4.301344
4229,2368,0.851972
2368,2214,1.106787
2214,4229,1.815880
4811,2368,0.991439
2368,4229,0.851972
4229,4811,0.322138
4811,4229,0.322138
1337,4811,3.339307
651,2368,1.788734
2368,4811,0.991439
4811,651,2.312467
651,4080,2.344628
4080,2214,0.335180
2214,651,2.216470
651,2214,2.216470
2214,2368,1.106787
2368,651,1.788734
651,3645,3.157223
3645,4080,3.759666
4080,651,2.344628
3455,651,2.768362
651,4811,2.312467
4811,3455,3.286074
3455,4811,3.286074
4811,1337,3.339307
1337,3455,2.448596
2746,651,3.180097
651,3455,2.768362
3455,2746,1.388687
1368,3455,4.492998
3455,1337,2.448596
1337,1368,5.399973
1368,116,2.680637
116,2746,1.676069
2746,1368,3.867319
1368,2746,3.867319
2746,3455,1.388687
3455,1368,4.492998
4708,116,1.770415
116,1368,2.680637
1368,4708,2.661029
337,1535,4.181017
1535,3645,0.764064
3645,337,4.132107
337,2746,2.881340
2746,116,1.676069
116,337,2.705874
337,651,4.276405
651,2746,3.180097
2746,337,2.881340
337,3645,4.132107
3645,651,3.157223
651,337,4.276405
337,116,2.705874
116,4708,1.770415
4708,337,3.183411
4435,1535,4.505759
1535,337,4.181017
337,4435,1.898223
2208,1535,3.539570
1535,4435,4.505759
1051,2208,1.064589
4435,337,1.898223
337,4708,3.183411
2225,3857,5.844869
3857,1051,3.696280
1061,3857,5.650884
3857,2225,5.844869
2225,1061,1.378274
1061,2480,4.746842
2480,3857,3.207885
3857,1061,5.650884
1061,2770,3.475170
2770,2480,5.709161
2480,1061,4.746842
1061,2225,1.378274
2225,2890,4.730525
2890,2225,4.730525
4903,4616,4.678583
4616,2890,3.444631
4708,4903,5.339824
3906,4903,1.304673
4903,4708,5.339824
4708,3906,4.891191
3906,4708,4.891191
4708,1368,2.661029
4616,4903,4.678583
4903,3906,1.304673
4932,1070,0.793348
1070,4015,1.493635
4015,4932,1.810190
4932,4015,1.810190
4015,1608,3.133319
1608,4932,2.748248
2935,1070,2.582065
1070,4932,0.793348
4932,2935,2.339238
1368,2935,3.924485
2935,4932,2.339238
4932,1608,2.748248
1608,2935,4.470003
2935,1608,4.470003
1070,2935,2.582065
1368,1337,5.399973
3050,4836,1.327604
4836,3050,1.327604
3050,4486,1.604179
4486,4836,2.100352
2935,1368,3.924485
4836,4486,2.100352
4486,1174,4.371825
1174,2290,2.902920
1937,4015,2.820182
1174,4486,4.371825
4486,927,3.382449
927,1174,5.220567
4015,1070,1.493635
4258,2290,2.617125
2290,1174,2.902920
1174,4258,1.297716
2290,4258,2.617125
4258,1174,1.297716
1174,927,5.220567
927,4258,4.837900
4258,927,4.837900
3126,3822,1.695456
3822,3228,5.167413
3228,3822,5.167413
3822,3126,1.695456
50,2290,2.663858
3228,50,3.242225
1565,50,1.893908
50,3228,3.242225
3228,1565,3.150299
1820,50,2.802332
50,1565,1.893908
1565,1820,1.461447
1820,1565,1.461447
1565,3228,3.150299
3228,1820,4.601834
3836,50,3.749199
50,1820,2.802332
1820,3836,3.052063
3836,2290,5.119781
2290,50,2.663858
50,3836,3.749199
2290,3836,5.119781
3942,1937,3.051177
3836,3942,0.885400
2028,3942,1.820513
3942,3836,0.885400
3836,2028,1.255414
2028,3836,1.255414
3836,1820,3.052063
1820,2028,2.424219
1715,2028,2.947718
2028,1820,2.424219
1820,1715,4.354101
1715,1820,4.354101
1820,3228,4.601834
3866,2028,3.133568
2028,1715,2.947718
1715,3866,1.342800
3866,3942,3.704272
3942,2028,1.820513
2028,3866,3.133568
4731,3866,0.394863
3866,1715,1.342800
1715,4731,1.616122
3866,4731,0.394863
2326,3942,3.635661
3942,3866,3.704272
2326,1937,3.500260
1937,3942,3.051177
3942,2326,3.635661
3805,1608,3.558253
1608,4015,3.133319
4015,3805,5.345111
1937,2326,3.500260
2326,3805,3.640845
3805,4015,5.345111
4015,1937,2.820182
4596,1608,6.322492
1608,3805,3.558253
3805,4596,3.744435
2942,2326,4.431851
2942,4596,3.507688
4596,3805,3.744435
3805,2942,3.421387
2942,3805,3.421387
3805,2326,3.640845
2326,2942,4.431851
4731,1715,1.616122
801,2795,3.349223
2795,2731,1.119825
2731,801,3.212124
2375,1632,1.637136
1632,801,3.668289
801,2731,3.212124
3430,1764,1.673376
1764,2421,0.687964
2421,3430,1.249217
1764,3430,1.673376
3430,2795,4.556407
2795,801,3.349223
3430,2421,1.249217
2795,3430,4.556407
4561,836,3.624082
2333,4561,2.444774
4561,3622,1.057907
3622,2333,1.945343
2333,836,3.984915
836,4561,3.624082
4561,2333,2.444774
836,2333,3.984915
2333,2525,0.611740
2525,2333,0.611740
2333,3622,1.945343
3622,2525,2.385475
1175,477,3.768690
2525,1175,3.154964
2108,477,3.896909
477,1175,3.768690
477,2108,3.896909
2108,2007,5.076146
2547,477,6.411211
477,2547,6.411211
3499,2547,4.359881
2007,3499,6.399265
935,2547,2.337836
2547,3499,4.359881
3618,2547,3.741090
2547,935,2.337836
935,3618,1.876596
2547,3618,3.741090
2731,2795,1.119825
929,4404,0.722108
4404,929,0.722108
4596,2942,3.507688
3618,935,1.876596
1554,4270,2.597297
1608,4596,6.322492
929,1554,5.061505
4270,1554,2.597297
1554,929,5.061505
3880,4616,0.785142
3880,2890,3.903464
2890,4616,3.444631
4616,3880,0.785142
3499,3451,7.043444
3451,3499,7.043444
3499,3057,2.437685
3057,3451,5.212356
3451,3880,4.130223
3880,3451,4.130223
3451,4115,3.885092
4115,2890,4.597416
2890,3880,3.903464
4201,4115,0.741765
4115,3451,3.885092
3451,4201,3.640982
3481,4115,1.413259
4115,4201,0.741765
4201,3481,1.550389
2890,4115,4.597416
4115,3481,1.413259
2770,1061,3.475170
3034,1704,3.067274
3481,3034,3.488953
3034,3481,3.488953
3481,4201,1.550389
4201,3034,2.702199
3284,3034,1.436192
3034,4201,2.702199
4201,3284,3.614166
3284,4201,3.614166
4201,3451,3.640982
1704,3034,3.067274
3034,3284,1.436192
3451,3057,5.212356
3057,3284,4.598284
1464,3284,4.887612
3284,3057,4.598284
1464,1704,5.322164
3284,1464,4.887612
479,1704,3.082756
1704,1464,5.322164
2406,1464,2.708949
1464,3797,2.273034
3797,2406,0.558473
1464,2406,2.708949
101,479,1.165098
4565,101,1.966683
4565,1869,2.300667
1869,4118,0.892801
4118,4565,2.142382
4565,4118,2.142382
4118,101,2.818692
101,4565,1.966683
4613,4565,2.518510
4613,1869,3.722233
1869,4565,2.300667
4565,4613,2.518510
3619,4118,1.377180
4118,1869,0.892801
1869,3619,1.981781
3619,3113,2.476813
3113,3429,1.567121
3429,3619,1.640471
3619,1869,1.981781
1869,3113,3.601403
3113,3619,2.476813
4588,3619,2.135565
3619,3429,1.640471
3429,4588,2.806734
4588,4118,2.665533
4118,3619,1.377180
3619,4588,2.135565
4588,101,2.509344
101,4118,2.818692
4118,4588,2.665533
2388,479,2.369604
479,101,1.165098
101,2388,2.667202
2388,4588,1.138710
4588,837,1.194983
837,2388,0.275897
2388,101,2.667202
101,4588,2.509344
4588,2388,1.138710
2388,837,0.275897
1704,479,3.082756
479,2388,2.369604
2083,837,2.252666
837,4588,1.194983
4588,2083,2.805030
2083,4588,2.805030
4588,3429,2.806734
3429,2083,3.536206
2083,311,3.472321
311,3243,3.362918
3243,2083,3.266474
2040,2083,1.778659
2083,3243,3.266474
3243,2040,1.847935
2040,837,3.087482
837,2083,2.252666
2083,2040,1.778659
837,2040,3.087482
2040,3243,1.847935
311,2566,1.786579
2566,2083,3.318741
2083,3429,3.536206
3429,2566,3.884229
2566,311,1.786579
311,2083,3.472321
2083,2566,3.318741
2566,3429,3.884229
3429,3113,1.567121
3113,2566,4.568246
3610,2964,0.340636
2964,4289,3.501406
4289,3610,3.574651
3610,4289,3.574651
3610,3113,4.206945
2964,3610,0.340636
2566,3113,4.568246
3113,3610,4.206945
4289,2964,3.501406
888,1268,4.012025
1268,2087,4.130044
2087,888,2.857759
4336,888,2.728552
2900,2003,3.054676
888,2087,2.857759
3299,888,4.171042
888,4336,2.728552
4336,3299,2.921852
3299,4336,2.921852
4984,888,4.069641
888,3299,4.171042
3299,4984,3.104777
4984,1268,3.534172
1268,888,4.012025
888,4984,4.069641
277,4984,1.799105
4984,3299,3.104777
3299,277,3.863866
1268,4984,3.534172
4984,277,1.799105
4064,2437,1.110207
2437,1689,3.260240
1689,4064,3.244905
276,4064,1.722787
4064,1689,3.244905
1689,276,2.818764
4064,276,1.722787
276,1689,2.818764
277,3299,3.863866
1561,4833,1.927695
3113,1869,3.601403
4833,4064,4.105975
4833,2437,3.219912
2437,4064,1.110207
4064,4833,4.105975
4571,2437,2.124174
2437,4833,3.219912
4833,4571,1.555485
4370,4571,3.098412
4571,4833,1.555485
4833,4370,3.762870
4370,4833,3.762870
4833,1561,1.927695
2437,4571,2.124174
3735,1689,3.156542
1689,2437,3.260240
4571,4370,3.098412
1689,3735,3.156542
2824,277,5.073346
2824,213,3.454132
277,2824,5.073346
3470,3260,4.488805
213,2824,3.454132
2824,4173,3.620734
3260,213,0.322509
1516,4173,2.532330
4173,2824,3.620734
2824,1516,4.354427
1516,2824,4.354427
3735,1516,1.091266
3399,1516,0.735254
1516,3735,1.091266
3735,3399,1.087961
3399,3735,1.087961
4189,1516,2.033063
1516,3399,0.735254
3399,4189,1.678859
4189,4173,3.132754
4173,1516,2.532330
1516,4189,2.033063
4173,1812,2.402062
1812,4173,2.402062
4173,4189,3.132754
4189,1812,2.744170
1812,4776,2.372760
3173,3470,4.321016
609,4776,0.740114
4776,1812,2.372760
1812,609,2.119324
4776,3661,2.254633
3661,4718,2.872780
576,3661,1.290176
3661,4776,2.254633
4776,576,2.467483
576,4776,2.467483
4776,609,0.740114
609,576,2.418052
2243,576,1.590613
576,609,2.418052
609,2243,1.623204
2243,609,1.623204
609,1812,2.119324
1812,2243,3.442400
2243,1812,3.442400
1812,4189,2.744170
4189,2243,4.659007
4564,4189,2.482991
4189,3399,1.678859
3399,4564,3.589380
4564,3399,3.589380
4370,4564,4.613393
2243,4189,4.659007
4189,4564,2.482991
4564,4370,4.613393
4370,1945,5.988182
1945,4370,5.988182
3721,369,4.556162
369,3949,3.200503
3949,1945,3.715873
272,369,4.497024
369,3721,4.556162
3721,272,0.890673
1869,2615,6.024315
2615,1869,6.024315
1869,4613,3.722233
4613,2615,4.251429
1135,2615,2.605126
2615,4613,4.251429
4613,1135,4.014706
1135,3721,5.826103
2615,1135,2.605126
421,1135,3.315413
1135,4613,4.014706
4613,421,5.874320
421,4613,5.874320
2406,421,5.181210
3721,1135,5.826103
1135,421,3.315413
272,3721,0.890673
3057,3499,2.437685
3499,2007,6.399265
3802,3797,2.549602
3797,1464,2.273034
1464,3802,4.001035
3802,1464,4.001035
421,2406,5.181210
2406,3802,2.797937
3802,2406,2.797937
2406,3797,0.558473
3797,3802,2.549602
2791,2007,3.551870
2007,2108,5.076146
2108,2791,4.051335
2007,2791,3.551870
2791,3205,3.595905
3205,4028,0.930868
4028,2791,3.051252
2791,2108,4.051335
2108,3205,2.040854
3205,2791,3.595905
2799,2791,2.719335
2791,4028,3.051252
4028,2799,3.516697
2791,2799,2.719335
679,272,3.518254
2796,679,2.552342
2799,2796,4.244247
3734,2796,1.513887
2796,2799,4.244247
2799,3734,4.952055
3734,2799,4.952055
2799,4028,3.516697
4028,3205,0.930868
3734,4973,5.311465
4022,4973,3.502426
4973,3500,4.018434
3500,4022,1.242733
3253,4022,1.360000
4022,3500,1.242733
3500,3253,2.249397
2274,3253,2.223823
3253,3741,3.325276
3741,2274,2.901906
2274,1075,5.199975
4973,2274,3.651172
2274,4022,2.505103
4022,3253,1.360000
3253,2274,2.223823
2274,4973,3.651172
4973,4022,3.502426
4022,2274,2.505103
1323,1075,3.560943
1075,2274,5.199975
2274,1323,2.904344
1075,1323,3.560943
1323,1593,3.076856
3925,1593,1.983135
1593,1323,3.076856
1323,3925,1.932322
957,1323,1.330637
1323,2274,2.904344
2274,957,2.809671
957,2274,2.809671
2274,3741,2.901906
3741,957,2.782676
957,3925,1.102563
3925,1323,1.932322
1323,957,1.330637
957,3741,2.782676
3741,3925,3.358010
3925,957,1.102563
161,1593,2.053383
1593,3925,1.983135
1165,1593,2.949714
1593,161,2.053383
161,1165,2.689730
1593,1165,2.949714
2413,1075,1.149820
1075,2413,1.149820
2413,2796,4.480205
2796,3734,1.513887
2413,679,4.264078
679,2796,2.552342
2796,2413,4.480205
4245,679,2.891150
679,2413,4.264078
2413,4245,3.471346
4245,2413,3.471346
1165,4471,6.699969
4471,4245,2.334642
4245,272,4.460050
272,679,3.518254
679,4245,2.891150
4245,369,2.542967
369,272,4.497024
272,4245,4.460050
4245,4471,2.334642
4471,369,0.288075
369,4245,2.542967
3156,4471,3.310029
4471,1165,6.699969
1165,3156,4.771082
3156,369,3.379517
369,4471,0.288075
4471,3156,3.310029
3156,3949,2.095570
3949,369,3.200503
369,3156,3.379517
2962,3949,3.380372
3949,3156,2.095570
2962,1945,3.682151
1945,3949,3.715873
3949,2962,3.380372
1945,2962,3.682151
4319,2962,3.989935
3156,1165,4.771082
2962,4319,3.989935
446,2243,5.279468
332,446,3.602588
446,576,4.106483
576,2243,1.590613
2243,446,5.279468
446,3661,4.616133
3661,576,1.290176
576,446,4.106483
4603,3661,3.668024
3661,446,4.616133
4603,4718,1.386719
4718,3661,2.872780
3661,4603,3.668024
4603,753,0.358211
753,4718,1.091218
4718,4603,1.386719
4603,2535,1.913074
2535,753,1.723689
753,4603,0.358211
4603,4524,3.067283
4524,2535,1.671461
2535,4603,1.913074
1265,4524,3.146928
4524,4603,3.067283
4603,1265,3.577714
1265,2630,3.149575
2630,4524,3.776551
4524,1265,3.146928
1265,4603,3.577714
1846,446,2.609256
446,332,3.602588
332,1846,3.276175
4275,446,4.399854
446,1846,2.609256
1846,4275,3.361415
4275,1265,2.386759
446,4275,4.399854
2948,2630,2.501348
2630,2086,3.565185
4107,2948,3.713098
2086,1265,3.095332
1265,4275,2.386759
4275,2086,1.841438
2086,2630,3.565185
2630,1265,3.149575
1265,2086,3.095332
511,2086,2.855742
2086,4275,1.841438
4275,511,3.513482
511,4275,3.513482
4275,1846,3.361415
1846,511,5.047185
2524,2086,3.673484
2086,511,2.855742
511,2524,2.256515
511,1846,5.047185
1846,4030,3.976739
4030,332,4.729956
4030,1846,3.976739
1846,332,3.276175
332,4030,4.729956
876,4030,2.873482
4319,876,3.837842
876,4689,2.498958
4689,4030,3.390099
4030,876,2.873482
3296,4689,2.373453
4689,876,2.498958
876,3296,0.590722
2174,3296,2.045702
3296,876,0.590722
876,2174,2.499606
2174,876,2.499606
876,4319,3.837842
4319,2174,4.124786
1165,161,2.689730
161,2174,3.561688
2174,4319,4.124786
1889,3296,1.953194
3296,2174,2.045702
2174,1889,2.272897
1889,4689,2.200830
4689,3296,2.373453
3296,1889,1.953194
1889,2174,2.272897
2174,161,3.561688
2331,4689,2.678129
4689,1889,2.200830
1889,2331,3.110692
4689,2331,2.678129
4030,4689,3.390099
4638,511,4.085964
4638,2524,3.485134
2524,511,2.256515
511,4638,4.085964
2077,2086,4.800190
2086,2524,3.673484
2524,2077,2.058023
2077,4107,2.358196
2086,2077,4.800190
877,4107,3.439234
4107,2077,2.358196
2077,877,1.642136
877,519,3.498861
519,4107,5.210965
4107,877,3.439234
877,2077,1.642136
2077,2524,2.058023
2524,877,2.900012
877,2524,2.900012
2524,4638,3.485134
4638,1960,3.984187
1960,4638,3.984187
1690,1960,3.674256
1960,1586,2.754891
1690,877,5.513742
1960,1690,3.674256
1690,519,3.527608
519,877,3.498861
877,1690,5.513742
519,1791,3.297650
1791,107,2.403267
107,624,4.348244
1791,519,3.297650
519,1690,3.527608
1690,1791,2.454361
4351,1791,2.208907
1791,1690,2.454361
1690,4351,3.593738
4351,107,2.236938
107,1791,2.403267
1791,4351,2.208907
960,4351,1.022591
4351,1690,3.593738
1690,960,3.875627
3335,4351,0.937896
4351,960,1.022591
960,3335,0.847178
3335,107,2.614786
107,4351,2.236938
4351,3335,0.937896
64,107,2.189166
107,3335,2.614786
3531,1690,3.939250
1586,3531,2.634832
3531,2510,1.810121
2510,960,2.985992
960,1690,3.875627
1690,3531,3.939250
3531,1586,2.634832
1586,3873,3.296639
3873,1586,3.296639
1586,1960,2.754891
2331,3873,6.443458
3873,2331,6.443458
778,3873,3.625465
3873,778,3.625465
778,4135,3.463524
1539,161,6.689085
2331,1889,3.110692
1539,4135,4.985059
4135,778,3.463524
161,1539,6.689085
4135,1539,4.985059
1539,3184,3.140103
3184,1539,3.140103
3925,4346,4.597965
4346,3925,4.597965
3925,3741,3.358010
3741,4346,1.504701
4346,2390,5.436167
1699,4346,2.095596
4346,3741,1.504701
3741,1699,2.912568
1699,3741,2.912568
3741,3253,3.325276
3253,1699,3.123381
1699,2390,4.708148
2390,4346,5.436167
4346,1699,2.095596
549,2390,3.399279
2390,1699,4.708148
1699,549,2.063084
549,1699,2.063084
1699,3253,3.123381
3253,549,4.622906
549,3253,4.622906
3253,3500,2.249397
3500,549,5.848619
549,3500,5.848619
2390,549,3.399279
2390,45,2.958589
45,2390,2.958589
3362,2714,5.135993
